0 
1 
2 
3 
4 
5 
6 
7 
8 
9 
10 
11 
12 
13 
14 
15 
16 
17 
18 
19 
20 
21 
22 
23 
24 
25 
26 
27 
28 
29 
30 
31 
32 
33 
34 
35 
36 
37 
38 
39 
40 
41 
42 
43 
44 
45 
46 
47 
48 
49 
50 
51 
52 
53 
54 
55 
56 
57 
58 
59 
60 
61 
62 
63 
64 
65 
66 
67 
68 
69 
70 
71 
72 
73 
74 
75 
76 
77 
78 
79 
80 
81 
82 
83 
84 
85 
86 
87 
88 
89 
90 
91 
92 
93 
94 
95 
96 
97 
98 
99 
100 
101 
102 
103 
104 
105 
106 
107 
108 
109 
110 
111 
112 
113 
114 
115 
116 
117 
118 
119 
120 
121 
122 
123 
124 
125 
126 
127 
128 
129 
130 
131 
132 
133 
134 
135 
136 
137 
138 
139 
140 
141 
142 
143 
144 
145 
146 
147 
148 
149 
150 
151 
152 
153 
154 
155 
156 
157 
158 
159 
160 
161 
162 550 456 27 24 
163 539 451 40 29 
164 535 446 40 34 
165 527 441 45 41 
166 525 439 46 41 
167 521 435 48 46 
168 518 429 50 52 
169 338 467 19 14 503 424 65 56 
170 339 466 22 16 501 424 68 54 
171 339 462 21 19 501 421 65 56 
172 340 459 20 23 499 413 70 65 
173 339 455 19 25 500 410 65 70 
174 335 451 30 31 505 411 56 66 
175 334 448 40 32 508 409 52 68 
176 335 445 40 35 504 404 55 73 
177 334 443 43 38 503 401 54 75 
178 333 437 44 45 502 398 53 79 
179 332 433 46 49 501 397 53 81 
180 331 430 47 51 499 396 49 82 
181 331 426 46 54 497 393 52 86 
182 331 424 47 56 497 389 50 93 
183 333 420 40 59 494 384 49 89 
184 331 416 48 64 495 382 45 93 
185 333 415 47 66 495 379 43 91 
186 333 413 45 67 496 375 40 92 
187 337 409 38 71 493 370 41 93 
188 338 407 38 73 492 368 39 86 
189 338 405 38 74 489 366 39 86 
190 339 402 36 77 485 364 41 89 
191 340 401 36 74 483 362 41 91 
192 340 398 35 79 481 356 41 94 
193 341 396 35 81 482 354 40 97 
194 340 394 36 82 481 351 39 100 
195 343 390 38 83 480 348 39 100 
196 344 389 36 85 475 350 41 99 
197 344 386 36 88 474 346 41 102 
198 345 383 36 92 474 341 40 108 
199 345 379 37 96 470 338 43 109 
200 347 377 36 95 469 334 41 111 
201 347 374 37 97 469 331 40 106 
202 348 372 37 99 468 328 39 105 
203 348 369 39 102 468 324 37 103 
204 350 365 38 105 467 320 35 99 
205 350 362 39 107 465 318 34 96 
206 465 316 34 93 350 361 40 103 
207 463 314 34 93 350 361 40 96 
208 350 361 42 95 461 311 36 95 
209 350 353 44 101 458 310 38 94 
210 455 309 42 97 349 352 44 103 
211 453 307 43 99 350 349 44 107 
212 452 305 41 102 351 349 45 105 
213 453 305 37 99 350 346 45 108 
214 449 304 39 101 352 343 43 111 
215 448 302 39 102 353 341 43 115 
216 448 295 38 105 355 338 40 118 
217 448 294 37 99 355 335 40 121 
218 446 291 38 97 355 331 38 122 
219 445 289 37 94 356 329 38 123 
220 443 286 36 91 358 325 37 124 
221 443 284 34 86 358 322 38 123 
222 440 284 34 82 359 321 36 119 
223 439 278 33 85 360 315 36 118 
224 434 278 35 86 360 316 35 110 
225 433 276 35 88 361 313 34 109 
226 432 275 34 89 362 312 35 103 
227 432 274 33 90 362 310 34 100 
228 427 272 37 93 363 308 34 98 
229 427 269 37 95 363 307 34 99 
230 427 266 36 97 364 306 33 101 
231 426 264 36 98 364 305 34 101 
232 420 264 41 99 364 302 35 104 
233 365 300 34 107 420 260 41 102 
234 366 299 34 107 419 258 40 102 
235 367 298 34 108 419 255 37 102 
236 366 293 34 110 413 251 40 103 
237 415 252 36 94 367 291 33 113 
238 418 249 28 88 368 290 32 113 
239 367 289 35 110 417 247 28 87 
240 371 285 38 111 416 245 28 85 
241 415 242 29 86 371 284 37 107 
242 410 243 34 83 371 282 38 109 
243 408 242 36 83 371 280 43 107 
244 407 241 35 86 372 278 42 105 
245 406 241 35 87 373 277 40 100 
246 405 239 37 88 375 276 42 97 
247 402 238 40 89 376 272 43 97 
248 400 236 42 89 376 269 46 100 
249 399 235 44 90 377 266 47 103 
250 397 234 44 88 376 262 51 106 
251 395 233 46 89 377 258 55 111 
252 379 245 55 123 
253 380 238 48 129 
254 381 233 44 136 
255 381 232 41 138 
256 381 231 39 140 
257 381 232 39 136 
258 381 235 39 131 
259 379 222 40 139 
260 378 223 42 135 
261 375 225 44 129 
262 370 227 29 62 379 230 43 119 
263 367 225 32 64 379 233 44 112 
264 364 225 33 64 377 234 46 108 
265 362 224 33 68 381 234 43 103 
266 360 224 33 70 384 235 41 98 
267 357 221 35 73 386 235 39 96 
268 356 219 37 79 390 234 37 97 
269 357 219 29 74 392 233 35 97 
270 358 217 27 77 393 233 38 97 
271 358 216 25 78 393 230 39 100 
272 358 218 24 75 392 230 40 102 
273 392 231 41 101 356 218 24 77 
274 393 229 40 102 353 217 25 78 
275 399 227 36 105 350 217 25 79 
276 398 226 38 103 347 215 27 85 
277 399 225 38 101 343 215 30 86 
278 399 223 38 101 342 218 31 82 
279 335 219 35 83 400 221 39 100 
280 402 221 37 98 330 219 40 83 
281 404 215 37 98 328 222 41 80 
282 407 215 36 95 327 222 44 81 
283 409 214 36 92 325 223 45 81 
284 411 212 35 91 323 223 49 81 
285 321 225 48 79 412 211 36 91 
286 321 226 47 78 414 210 35 92 
287 321 225 43 80 417 208 34 94 
288 323 229 36 80 418 206 34 97 
289 323 233 27 73 418 204 35 101 
290 320 232 30 75 417 203 36 102 
291 318 231 29 77 417 201 37 103 
292 317 232 28 75 417 201 37 103 
293 317 231 25 76 418 200 37 104 
294 315 233 26 74 418 199 37 105 
295 311 236 28 70 419 196 36 107 
296 307 236 31 72 421 196 35 106 
297 303 235 39 76 422 195 34 106 
298 300 237 41 78 423 193 34 106 
299 296 236 44 83 424 191 33 108 
300 426 188 34 108 294 236 46 87 
301 428 186 31 102 293 239 47 87 
302 292 240 46 87 429 185 31 103 
303 292 240 45 87 431 185 29 99 
304 290 241 44 85 433 183 26 99 
305 435 179 25 100 290 242 39 84 
306 437 177 23 102 289 243 38 84 
307 433 179 29 94 288 244 37 84 
308 288 247 36 81 439 179 24 88 
309 284 248 36 81 433 178 33 93 
310 284 250 33 75 433 177 35 94 
311 280 251 38 75 432 175 38 98 
312 279 252 38 78 432 174 39 99 
313 277 250 37 87 432 174 39 99 
314 275 253 40 93 433 174 39 98 
315 274 253 42 99 434 173 39 98 
316 273 255 43 102 434 171 40 101 
317 437 170 37 100 272 258 44 100 
318 273 261 42 98 440 170 37 96 
319 271 263 41 97 442 170 36 93 
320 270 265 40 96 443 170 38 91 
321 271 267 39 94 443 170 38 90 
322 445 170 37 88 270 268 38 93 
323 269 270 37 92 447 164 37 91 
324 269 273 36 88 450 164 37 90 
325 268 274 37 88 452 166 39 85 
326 268 275 36 87 453 164 39 86 
327 268 277 35 85 454 163 37 87 
328 268 279 33 82 455 162 37 90 
329 266 280 35 81 455 162 39 92 
330 456 162 39 92 267 283 36 90 
331 456 161 41 93 266 284 37 98 
332 264 289 38 99 456 161 41 93 
333 456 159 42 95 263 292 37 98 
334 456 157 44 96 264 294 36 100 
335 457 156 44 98 263 297 37 97 
336 457 154 43 98 263 298 37 101 
337 459 153 43 99 262 302 39 101 
338 461 151 41 100 262 305 39 98 
339 462 150 40 100 262 306 38 97 
340 466 148 37 103 261 307 39 98 
341 470 147 35 101 261 309 39 97 
342 472 147 33 101 260 311 40 95 
343 474 146 31 99 260 312 41 94 
344 476 144 30 98 261 315 39 92 
345 478 142 30 97 262 316 39 91 
346 478 142 31 91 262 318 40 88 
347 478 143 32 87 262 321 41 88 
348 479 143 32 86 260 324 42 92 
349 479 142 34 89 261 327 43 94 
350 478 142 36 90 263 329 42 103 
351 477 140 40 93 262 330 44 108 
352 478 143 45 87 263 333 43 108 
353 265 335 41 108 478 143 45 88 
354 265 337 41 108 478 144 46 88 
355 267 340 39 104 478 143 46 88 
356 267 342 39 103 479 143 46 87 
357 267 344 39 99 479 144 46 85 
358 267 347 39 97 480 144 47 83 
359 268 350 39 93 479 138 49 89 
360 268 351 40 92 482 138 49 88 
361 269 353 42 92 486 138 46 88 
362 492 137 41 90 271 357 41 88 
363 497 137 37 90 273 360 41 85 
364 500 136 34 91 273 365 41 87 
365 502 136 34 90 273 365 43 96 
366 274 367 43 101 505 136 34 89 
367 276 371 41 102 507 136 34 89 
368 277 375 42 97 509 137 36 87 
369 278 378 44 94 509 137 37 86 
370 279 382 45 92 509 136 38 87 
371 279 384 47 91 509 136 38 88 
372 283 388 46 85 509 135 39 90 
373 283 388 47 86 509 136 39 89 
374 283 390 45 84 508 136 40 90 
375 285 392 42 87 508 136 41 90 
376 287 393 40 87 508 135 43 90 
377 289 395 38 86 508 135 45 89 
378 290 398 36 81 509 135 44 88 
379 291 400 35 81 509 135 46 89 
380 291 403 36 77 510 133 47 90 
381 292 405 38 76 513 131 45 92 
382 295 408 36 71 518 129 42 93 
383 297 410 36 68 521 129 40 92 
384 299 411 34 68 524 128 40 94 
385 302 414 35 64 526 128 38 92 
386 303 413 33 65 529 128 37 93 
387 304 416 32 66 531 128 36 92 
388 307 418 31 63 533 127 36 90 
389 308 420 32 59 532 127 38 89 
390 310 420 33 59 531 126 39 90 
391 313 423 32 58 531 126 41 92 
392 313 424 34 56 531 127 42 91 
393 319 428 30 51 535 128 41 91 
394 321 430 30 50 534 129 41 90 
395 324 430 30 50 534 129 42 90 
396 326 430 32 50 534 131 42 88 
397 331 431 34 49 535 132 42 87 
398 333 432 36 48 537 132 41 86 
399 333 435 43 46 538 132 41 86 
400 540 133 40 85 
401 339 436 46 47 542 133 39 84 
402 340 437 47 45 546 132 37 85 
403 548 132 36 86 
404 551 131 34 88 
405 554 130 34 89 
406 555 129 33 89 
407 556 128 33 89 
408 556 127 33 89 
409 557 127 32 90 
410 557 127 34 91 
411 557 127 34 92 
412 556 125 36 93 
413 557 126 37 92 
414 557 126 38 92 
415 557 125 39 93 
416 557 126 41 92 
417 557 126 42 91 
418 557 126 44 91 
419 556 126 45 91 
420 556 126 46 91 
421 556 126 46 91 
422 556 126 46 90 
423 555 126 48 89 
424 553 126 49 88 
425 554 125 48 88 
426 556 124 45 87 
427 557 124 43 88 
428 557 124 43 88 
429 558 123 42 89 
430 558 122 42 89 
431 558 122 42 89 
432 558 123 40 89 
433 558 122 40 89 
434 558 121 40 90 
435 558 121 40 90 
436 558 120 39 91 
437 558 120 38 91 
438 558 120 37 91 
439 558 120 35 90 
440 558 120 36 90 
441 557 120 36 91 
442 557 120 36 89 
443 557 120 35 89 
444 556 120 35 90 
445 556 120 35 88 
446 556 120 34 89 
447 555 119 35 92 
448 555 119 35 94 
449 553 120 36 95 
450 551 120 37 96 
451 549 120 37 98 
452 544 122 41 97 
453 541 123 43 95 
454 538 123 45 92 
455 537 124 46 90 
456 429 437 42 43 535 124 46 89 
457 429 435 43 44 534 124 47 89 
458 428 433 45 46 534 124 45 90 
459 428 431 44 48 534 123 45 90 
460 427 430 45 49 534 124 44 91 
461 427 427 45 52 535 124 42 91 
462 427 423 46 57 535 124 41 91 
463 427 420 47 60 535 124 40 91 
464 427 417 47 64 535 124 39 90 
465 427 417 48 64 533 122 37 93 
466 426 412 49 69 533 123 36 92 
467 425 411 48 68 534 124 35 90 
468 424 410 48 69 534 123 32 93 
469 425 408 48 70 533 123 30 94 
470 426 406 47 72 532 123 30 92 
471 426 404 47 74 531 123 30 91 
472 426 402 46 74 530 122 31 92 
473 426 399 46 78 526 123 33 91 
474 426 397 46 81 520 123 35 91 
475 427 396 45 84 512 124 42 90 
476 427 394 44 86 507 123 46 90 
477 428 390 43 92 506 123 47 91 
478 428 390 41 93 505 123 47 91 
479 429 386 40 92 504 123 47 92 
480 428 384 40 95 504 123 47 91 
481 427 385 42 92 501 123 45 91 
482 427 384 44 92 500 121 46 92 
483 428 383 44 91 501 120 45 94 
484 428 381 45 94 503 120 42 94 
485 428 381 46 94 504 121 39 93 
486 427 378 47 98 504 120 37 94 
487 427 377 49 98 504 119 35 94 
488 427 375 49 100 503 119 34 94 
489 428 374 50 102 501 119 33 93 
490 429 372 50 102 499 119 34 93 
491 431 369 49 100 497 119 35 93 
492 433 368 49 100 493 119 35 96 
493 436 365 47 99 489 119 38 96 
494 437 365 45 94 487 121 40 94 
495 439 365 42 89 483 122 43 92 
496 442 364 43 90 479 122 46 90 
497 443 357 46 92 477 121 47 91 
498 444 357 47 93 476 122 47 91 
499 444 355 48 96 473 120 46 93 
500 449 355 45 95 473 121 45 91 
501 448 353 47 98 471 122 46 91 
502 449 351 46 101 470 121 46 92 
503 449 349 47 102 470 122 45 91 
504 449 346 48 104 470 121 43 93 
505 448 344 50 105 469 121 42 93 
506 448 342 51 105 470 121 40 91 
507 450 339 50 106 471 123 37 89 
508 452 337 47 107 472 122 33 90 
509 455 335 44 106 471 121 32 92 
510 457 332 43 106 467 122 33 92 
511 461 330 39 104 466 122 32 92 
512 463 330 38 102 463 123 35 91 
513 465 325 38 101 459 124 36 88 
514 466 325 39 97 455 125 38 86 
515 467 326 39 94 451 125 42 87 
516 467 326 39 92 444 124 45 89 
517 467 324 40 93 439 124 48 89 
518 467 323 43 94 438 124 48 90 
519 466 321 46 96 438 124 49 90 
520 466 319 48 97 437 124 48 90 
521 466 319 48 98 437 122 48 92 
522 466 318 50 98 438 123 46 92 
523 465 316 51 100 438 123 45 92 
524 465 314 53 101 439 123 44 93 
525 465 312 54 101 439 123 43 92 
526 466 311 56 99 439 122 42 94 
527 466 311 58 96 438 123 40 93 
528 475 308 51 99 437 124 38 91 
529 477 306 50 97 435 124 36 90 
530 481 306 49 97 433 124 36 92 
531 484 306 47 94 432 125 37 90 
532 486 301 47 95 430 125 38 91 
533 487 300 47 96 428 126 40 92 
534 489 300 48 96 425 126 42 94 
535 491 300 49 95 424 126 42 95 
536 492 299 50 96 419 127 44 96 
537 493 298 50 98 418 128 44 95 
538 494 296 51 100 416 128 45 95 
539 495 295 51 101 416 129 44 96 
540 495 294 52 103 415 128 43 98 
541 496 293 51 103 414 129 42 99 
542 497 292 50 103 414 129 40 101 
543 498 291 50 103 414 130 40 100 
544 499 289 49 103 413 130 40 99 
545 499 287 49 104 412 131 39 98 
546 501 285 45 105 413 132 37 97 
547 506 279 44 110 413 133 33 96 
548 412 133 31 96 508 277 42 110 
549 410 133 32 96 509 276 40 109 
550 408 133 32 98 511 274 40 109 
551 511 273 40 107 411 138 28 85 
552 511 270 40 102 409 138 29 85 
553 407 138 29 87 511 269 40 102 
554 512 269 40 103 401 139 33 86 
555 398 139 36 86 512 269 40 101 
556 512 268 41 100 391 135 40 94 
557 512 266 42 103 389 142 42 86 
558 512 265 43 105 385 143 44 85 
559 512 265 44 105 384 142 44 87 
560 512 264 45 107 385 143 42 87 
561 386 143 41 88 512 263 46 108 
562 512 263 47 109 385 142 42 89 
563 385 142 43 91 512 262 46 108 
564 384 142 43 92 512 261 46 110 
565 513 259 46 109 385 142 43 93 
566 513 256 45 108 385 142 42 93 
567 386 143 41 91 514 252 43 108 
568 515 250 43 108 385 143 41 91 
569 515 249 44 105 384 143 39 90 
570 515 249 45 101 382 144 37 90 
571 515 250 45 95 379 146 37 89 
572 515 246 45 95 379 146 37 90 
573 515 246 44 94 377 146 37 92 
574 516 244 43 95 376 147 38 92 
575 516 243 43 96 374 146 39 96 
576 515 242 42 97 372 147 40 98 
577 513 241 44 99 370 148 41 97 
578 512 240 43 100 369 149 40 99 
579 510 240 44 100 369 150 39 99 
580 509 240 44 100 366 151 39 99 
581 509 240 42 100 365 153 39 97 
582 510 239 41 100 366 153 38 96 
583 510 237 40 100 365 155 38 96 
584 509 236 40 99 365 155 36 98 
585 509 236 39 99 364 156 35 100 
586 509 233 37 100 364 157 33 100 
587 510 231 34 100 364 157 33 101 
588 509 230 35 100 365 158 31 99 
589 364 161 30 96 507 228 35 97 
590 364 162 30 96 507 227 35 94 
591 365 167 26 84 506 226 36 92 
592 363 167 26 84 505 226 36 88 
593 362 167 26 83 504 227 36 85 
594 358 171 30 87 502 226 36 86 
595 358 165 26 98 499 221 37 89 
596 498 220 38 90 358 162 25 102 
597 498 220 38 90 358 169 26 89 
598 496 220 39 89 356 174 26 80 
599 495 219 39 89 353 175 28 78 
600 351 176 29 78 494 218 38 91 
601 344 176 35 83 492 217 39 93 
602 342 177 37 85 491 216 39 94 
603 342 178 37 85 487 215 41 95 
604 342 177 38 88 487 213 40 95 
605 339 177 36 91 488 212 37 96 
606 339 178 36 91 488 211 35 95 
607 339 179 37 91 489 210 33 95 
608 489 207 33 97 339 180 37 91 
609 487 205 33 97 338 180 37 91 
610 487 204 32 96 338 181 36 89 
611 486 204 32 93 337 182 35 89 
612 336 183 35 88 485 204 31 92 
613 335 183 35 87 484 203 31 92 
614 483 202 32 92 334 184 35 88 
615 333 184 36 87 479 201 34 96 
616 331 185 37 87 478 200 34 93 
617 330 186 38 86 476 200 35 91 
618 329 187 39 85 471 200 38 91 
619 328 188 39 85 466 199 42 91 
620 464 200 43 90 328 188 39 89 
621 461 200 44 89 327 189 39 94 
622 328 187 38 100 459 201 45 88 
623 327 193 35 98 457 200 46 88 
624 327 194 35 98 456 200 45 88 
625 328 195 34 97 455 200 46 88 
626 329 195 33 98 455 199 46 89 
627 329 196 32 99 455 199 46 88 
628 329 195 32 99 455 199 46 88 
629 328 196 32 98 455 199 45 87 
630 329 196 32 99 455 200 44 86 
631 329 197 31 98 455 200 43 84 
632 329 198 32 97 455 200 41 84 
633 329 199 32 96 455 199 38 85 
634 330 201 32 94 455 199 34 86 
635 456 198 32 88 330 202 32 94 
636 453 198 32 86 330 202 33 93 
637 453 199 29 85 330 204 33 91 
638 450 199 34 86 330 204 33 92 
639 329 205 33 94 447 199 34 86 
640 446 199 34 86 329 206 33 96 
641 444 198 35 86 330 206 33 98 
642 442 198 36 86 330 206 33 101 
643 330 208 33 104 443 190 36 95 
644 331 208 32 106 441 190 37 95 
645 332 209 32 107 440 189 38 96 
646 332 208 32 111 440 189 37 96 
647 333 208 30 114 439 189 38 95 
648 334 215 28 110 438 189 38 94 
649 335 216 27 107 438 190 38 91 
650 336 216 26 107 438 190 37 90 
651 337 216 26 108 438 189 38 89 
652 336 218 26 107 437 190 38 87 
653 337 219 26 106 436 190 40 85 
654 337 219 26 106 433 189 42 84 
655 336 213 23 117 431 189 44 84 
656 337 217 21 111 429 189 45 84 
657 337 219 21 111 430 189 45 84 
658 337 220 20 112 432 189 43 84 
659 337 222 20 109 433 188 42 85 
660 435 188 39 86 337 223 21 108 
661 438 188 37 85 337 225 21 106 
662 440 187 37 85 337 226 21 105 
663 440 187 36 86 337 227 22 102 
664 442 186 36 87 337 229 22 98 
665 442 186 36 85 338 231 22 93 
666 338 232 22 92 442 185 36 85 
667 339 233 22 87 441 184 37 85 
668 339 234 22 85 441 184 36 82 
669 441 183 37 82 339 235 23 82 
670 340 235 23 84 442 182 36 82 
671 340 235 24 86 443 182 35 81 
672 336 234 35 91 444 183 34 80 
673 337 234 36 91 444 182 34 79 
674 336 233 40 92 450 182 26 75 
675 336 234 42 91 446 182 34 80 
676 337 234 42 91 451 182 26 76 
677 340 236 44 88 453 182 26 76 
678 341 236 44 88 454 181 27 79 
679 341 237 43 88 454 179 28 85 
680 454 179 28 86 340 237 44 88 
681 452 182 31 89 340 238 44 88 
682 340 238 43 89 453 183 31 90 
683 453 185 32 91 340 238 43 90 
684 453 185 32 92 340 238 43 89 
685 453 187 31 92 340 238 43 90 
686 453 188 31 92 340 238 43 90 
687 453 190 31 92 340 238 42 89 
688 454 190 31 92 341 238 41 90 
689 453 191 32 91 342 238 41 90 
690 454 193 31 89 341 238 40 91 
691 453 194 31 87 342 237 39 91 
692 454 194 30 86 343 237 38 92 
693 454 194 31 87 343 237 39 92 
694 454 196 35 83 344 238 39 91 
695 454 197 35 83 344 239 38 90 
696 455 198 33 87 346 239 38 89 
697 455 198 33 87 346 240 38 89 
698 457 199 31 87 348 240 37 91 
699 456 199 32 86 348 241 38 91 
700 456 201 33 81 349 242 38 90 
701 456 203 35 78 352 243 37 91 
702 354 244 36 92 456 203 37 79 
703 356 244 36 95 456 205 36 80 
704 458 206 37 83 358 242 36 102 
705 359 241 36 104 458 207 38 85 
706 360 241 38 103 459 209 37 89 
707 361 242 39 101 460 209 35 93 
708 362 242 39 101 460 210 36 94 
709 365 247 39 101 461 212 36 93 
710 366 248 37 100 460 213 38 92 
711 367 249 37 99 460 214 39 92 
712 367 249 37 99 460 215 41 91 
713 367 250 37 97 460 217 41 90 
714 367 251 37 95 461 218 41 90 
715 370 253 38 94 463 218 41 90 
716 370 253 38 95 464 220 42 89 
717 372 252 35 97 465 220 41 89 
718 373 253 35 95 465 221 42 88 
719 374 254 34 96 467 222 40 86 
720 375 256 34 93 469 222 38 86 
721 469 229 37 80 377 257 33 93 
722 379 257 32 94 470 230 37 79 
723 379 258 32 92 470 230 36 81 
724 380 258 33 91 471 230 37 89 
725 383 262 28 80 472 231 36 94 
726 384 262 28 79 472 232 36 99 
727 384 262 29 77 472 235 35 97 
728 384 262 29 79 471 237 36 96 
729 384 263 36 84 470 238 37 97 
730 385 264 38 83 471 240 37 96 
731 385 263 43 85 470 241 38 97 
732 384 262 47 86 470 242 38 97 
733 384 261 50 88 469 244 39 96 
734 469 245 39 96 384 261 49 89 
735 469 245 39 94 385 260 49 90 
736 468 246 39 92 385 259 48 91 
737 468 246 40 93 385 259 46 92 
738 468 247 40 92 385 259 45 92 
739 468 247 39 91 386 259 45 92 
740 465 254 41 85 386 259 45 92 
741 466 256 40 80 388 259 43 91 
742 467 257 38 79 388 260 43 90 
743 467 258 38 83 388 259 43 90 
744 466 259 39 89 388 259 43 90 
745 467 259 39 97 390 258 42 91 
746 467 261 39 100 391 257 42 93 
747 466 265 39 97 392 257 41 93 
748 465 266 40 95 392 256 42 94 
749 392 259 49 87 465 267 41 97 
750 465 267 41 98 393 259 48 87 
751 465 268 40 98 393 259 48 87 
752 465 270 41 95 395 259 47 89 
753 465 272 41 94 397 259 45 87 
754 465 273 41 92 399 259 43 90 
755 465 274 41 90 404 259 40 91 
756 464 275 42 88 406 258 39 92 
757 463 276 42 86 410 257 37 96 
758 412 256 36 101 462 277 43 85 
759 416 258 34 98 463 278 42 85 
760 462 278 43 85 417 257 34 99 
761 461 282 41 87 417 257 35 101 
762 417 256 37 100 459 282 44 94 
763 458 285 44 97 416 256 39 97 
764 458 285 45 101 416 256 41 98 
765 417 256 40 96 457 288 44 101 
766 417 257 41 96 456 289 44 101 
767 417 257 42 97 456 291 44 99 
768 418 257 42 97 456 292 43 98 
769 455 292 43 97 418 257 44 99 
770 417 259 47 97 455 292 43 98 
771 415 259 49 97 454 292 44 97 
772 414 261 52 93 453 294 45 97 
773 413 263 54 90 451 296 46 96 
774 412 265 56 88 451 297 46 96 
775 451 296 45 95 415 267 64 88 
776 452 297 43 95 416 267 67 88 
777 451 298 44 97 417 267 67 87 
778 427 279 69 115 452 305 43 97 415 269 76 82 
779 453 305 40 99 428 273 66 127 
780 433 270 63 138 
781 436 268 63 145 
782 444 270 62 146 
783 445 269 63 151 
784 441 274 81 145 
785 439 274 85 143 
786 446 274 82 83 438 313 53 101 
787 468 279 64 81 439 312 48 104 
788 467 279 65 82 437 313 49 102 
789 471 283 64 89 437 313 46 101 
790 434 315 47 100 
791 479 291 62 72 440 313 39 103 
792 487 297 57 65 443 315 38 103 
793 482 298 69 64 442 320 41 97 
794 439 321 45 95 
795 432 320 50 97 
796 494 298 67 70 426 321 49 96 
797 494 302 66 68 424 321 51 96 
798 422 321 52 98 491 302 74 71 
799 421 320 52 99 485 305 87 71 
800 422 320 50 98 486 307 90 68 
801 421 320 50 98 486 306 95 71 
802 422 320 47 98 488 304 101 74 
803 423 320 44 98 495 306 97 74 
804 420 320 40 96 505 306 87 74 
805 419 320 40 96 511 307 80 73 
806 418 320 39 97 521 306 73 72 
807 418 317 35 101 526 305 70 74 
808 532 303 70 76 416 315 35 104 
809 542 301 60 77 413 315 36 105 
810 410 314 38 104 547 298 60 81 
811 406 313 42 104 548 297 60 81 
812 547 296 63 83 400 313 47 103 
813 544 296 68 85 395 312 51 102 
814 550 297 67 83 392 310 52 102 
815 547 296 72 84 390 311 54 101 
816 382 313 60 97 546 295 75 86 
817 382 312 61 98 545 296 75 88 
818 383 312 59 99 545 297 77 87 
819 546 297 78 87 383 310 57 100 
820 547 298 82 85 383 308 56 100 
821 547 297 84 87 382 306 54 100 
822 552 298 82 85 382 305 50 100 
823 572 298 66 84 382 304 47 100 
824 382 304 45 100 572 298 68 86 
825 382 299 41 99 581 297 59 90 
826 381 299 42 100 582 300 60 91 
827 380 299 39 98 584 301 61 92 
828 378 297 38 102 582 302 65 93 
829 584 303 66 98 378 295 39 105 
830 585 304 66 97 377 295 38 104 
831 584 304 69 99 376 294 37 103 
832 587 305 69 98 375 293 37 103 
833 589 306 67 97 374 293 37 101 
834 592 307 65 96 373 292 38 102 
835 598 308 58 96 373 290 37 103 
836 602 308 56 98 371 288 37 105 
837 371 286 37 106 600 306 61 100 
838 371 282 36 108 603 306 60 100 
839 371 280 34 109 605 305 58 102 
840 371 278 36 109 612 305 55 100 
841 366 279 38 100 614 305 54 97 
842 366 278 37 96 614 307 56 93 
843 366 275 36 89 613 308 57 91 
844 366 275 36 85 611 308 60 92 
845 365 272 36 84 611 309 62 90 
846 363 269 37 87 611 309 62 90 
847 364 266 35 89 612 310 63 90 
848 365 265 35 90 612 309 66 91 
849 365 264 35 93 612 310 67 91 
850 364 261 35 96 612 310 66 91 
851 366 258 34 100 612 309 66 91 
852 367 256 31 102 613 310 67 90 
853 369 255 30 103 612 310 69 90 
854 369 254 28 103 612 309 68 91 
855 369 253 26 104 612 309 70 90 
856 368 251 27 104 612 308 70 92 
857 367 249 30 103 613 307 70 94 
858 366 248 30 100 612 305 71 96 
859 364 249 30 98 612 306 72 93 
860 363 249 30 95 613 302 70 92 
861 363 243 32 99 614 301 69 95 
862 361 244 33 97 618 300 66 95 
863 359 245 35 92 620 300 66 94 
864 359 245 36 87 621 298 66 96 
865 358 246 37 84 622 297 66 98 
866 357 246 38 81 623 296 64 99 
867 355 244 38 81 625 295 61 101 
868 354 245 38 80 627 294 58 103 
869 353 244 37 81 628 291 57 104 
870 352 244 37 81 627 290 58 105 
871 351 244 37 82 627 288 57 106 
872 351 243 36 83 628 288 54 107 
873 351 243 36 85 627 286 54 109 
874 350 242 35 87 627 284 54 111 
875 350 242 34 87 628 281 53 115 
876 350 243 34 87 627 280 52 117 
877 350 243 34 86 628 278 50 119 
878 349 244 34 84 629 277 47 119 
879 348 244 34 85 627 275 48 123 
880 347 244 34 84 627 274 49 121 
881 347 244 35 83 626 272 50 121 
882 346 244 36 84 626 270 50 121 
883 346 245 37 83 624 267 51 122 
884 347 245 37 84 624 266 52 121 
885 347 244 39 83 623 261 52 120 
886 347 244 40 83 621 263 54 115 
887 348 244 41 83 621 263 53 112 
888 348 244 42 83 621 262 53 109 
889 348 244 43 83 618 262 56 104 
890 617 260 58 105 349 245 44 82 
891 616 258 57 103 351 244 44 83 
892 352 245 44 82 613 256 58 105 
893 351 245 45 83 611 255 61 106 
894 352 243 44 85 610 253 61 109 
895 353 244 42 84 611 254 59 109 
896 353 243 42 86 609 252 61 110 
897 354 241 43 88 610 252 59 110 
898 354 242 41 88 610 251 59 112 
899 355 242 40 87 610 250 58 112 
900 357 242 40 87 604 249 61 110 
901 357 242 40 87 604 248 61 110 
902 359 242 39 86 605 247 58 111 
903 359 241 40 87 605 247 58 111 
904 360 241 39 87 606 247 57 109 
905 362 241 38 85 606 245 56 109 
906 363 241 38 85 607 246 54 105 
907 608 246 52 103 364 241 37 85 
908 609 243 52 99 364 241 37 85 
909 610 243 50 97 364 242 36 84 
910 616 242 45 96 365 243 36 84 
911 616 240 44 98 364 243 36 84 
912 364 243 35 84 609 240 50 98 
913 364 244 36 83 609 239 50 99 
914 364 244 36 83 608 239 50 97 
915 363 244 36 83 606 237 50 99 
916 363 245 37 83 605 237 48 101 
917 363 246 37 82 605 236 47 102 
918 363 246 37 82 605 236 46 101 
919 363 247 38 82 604 235 47 101 
920 363 248 39 80 604 234 48 100 
921 603 233 50 99 364 249 40 80 
922 364 251 40 78 603 233 51 99 
923 364 254 40 75 603 231 54 99 
924 365 256 40 72 603 231 56 99 
925 365 258 40 70 603 230 56 99 
926 365 260 40 67 604 230 54 98 
927 366 264 38 66 605 231 51 98 
928 365 266 40 64 605 232 48 98 
929 365 267 39 63 604 234 47 96 
930 365 267 40 63 603 235 45 94 
931 365 270 40 61 602 236 45 94 
932 365 271 40 60 603 232 44 97 
933 365 272 39 60 605 228 44 101 
934 365 274 39 59 604 225 47 105 
935 365 275 39 58 603 223 47 107 
936 365 277 38 55 601 219 51 112 
937 364 280 39 51 601 215 54 113 
938 603 212 54 115 
939 365 284 38 46 605 208 53 113 
940 365 285 38 44 605 208 53 113 
941 365 288 39 42 603 209 54 111 
942 365 289 39 41 603 209 55 109 
943 365 289 38 41 603 210 53 107 
944 365 289 38 41 604 210 51 109 
945 365 290 38 41 603 212 50 106 
946 365 290 38 40 600 218 52 104 
947 365 289 38 40 603 222 48 100 
948 365 290 38 40 604 223 46 100 
949 365 289 38 40 603 225 46 98 
950 367 290 37 40 602 225 46 98 
951 365 285 38 44 602 223 45 100 
952 365 284 38 45 601 222 48 102 
953 365 282 38 47 602 221 47 102 
954 365 281 39 49 599 218 55 105 
955 367 277 37 55 596 214 73 111 
956 364 277 40 54 597 214 75 114 
957 367 273 36 59 600 213 79 116 
958 367 271 38 61 600 213 82 116 
959 367 269 38 62 600 211 87 121 
960 367 266 38 64 598 212 88 122 
961 367 265 37 65 598 214 86 122 
962 368 259 41 68 596 218 75 118 
963 368 258 41 71 597 221 74 116 
964 368 256 40 74 602 224 61 116 
965 368 254 40 75 602 226 54 112 
966 368 253 40 75 602 228 46 111 
967 368 251 40 77 601 228 43 110 
968 368 248 40 80 598 228 45 109 
969 368 247 40 81 600 224 44 114 
970 366 245 41 84 605 223 41 116 
971 365 245 41 84 603 220 43 117 
972 366 245 40 84 602 218 46 117 
973 365 245 41 85 602 217 45 113 
974 366 245 40 84 604 218 43 108 
975 366 245 40 84 604 216 44 108 
976 366 245 40 84 609 212 41 107 
977 368 245 40 84 605 218 44 104 
978 368 245 41 84 606 220 43 102 
979 368 245 41 84 607 222 41 100 
980 368 245 41 84 608 223 39 99 
981 368 246 41 84 609 225 38 97 
982 368 246 41 83 607 225 40 99 
983 368 246 41 83 607 225 40 99 
984 368 246 41 83 608 225 38 99 
985 368 246 41 83 608 224 38 100 
986 368 247 41 82 607 222 41 100 
987 605 221 43 101 368 247 41 82 
988 368 248 41 81 605 219 45 103 
989 368 250 40 79 604 217 48 107 
990 368 251 40 79 603 209 59 122 
991 604 200 61 138 368 252 40 77 
992 607 192 63 143 368 254 40 75 
993 368 256 40 73 607 190 63 146 
994 368 258 41 70 609 190 60 145 
995 368 259 40 68 605 184 57 152 
996 368 262 41 67 605 186 55 151 
997 367 265 41 64 605 187 49 152 
998 368 265 41 65 606 188 46 151 
999 367 266 41 64 606 188 45 151 
1000 368 269 39 61 605 187 46 152 
1001 369 272 38 58 607 185 45 153 
1002 369 275 38 56 608 181 47 155 
1003 369 278 37 53 608 178 48 156 
1004 370 281 36 50 607 179 53 150 
1005 370 282 37 49 605 183 58 142 
1006 369 282 38 49 604 185 60 136 
1007 369 286 38 47 602 188 63 131 
1008 604 191 59 128 
1009 604 198 57 120 
1010 604 207 53 114 
1011 603 218 49 104 
1012 605 223 44 99 
1013 606 224 43 99 
1014 606 224 42 99 
1015 606 223 42 99 
1016 606 222 41 101 
1017 607 223 40 99 
1018 606 222 42 100 
1019 370 275 32 54 606 222 42 100 
1020 372 275 34 53 606 221 42 100 
1021 371 270 36 57 605 220 43 102 
1022 370 267 38 61 605 221 42 102 
1023 370 264 37 64 606 221 41 101 
1024 371 260 35 66 605 221 43 101 
1025 372 258 35 68 605 222 43 101 
1026 372 256 36 73 605 221 43 102 
1027 604 221 44 102 371 254 37 74 
1028 604 220 44 103 371 251 37 77 
1029 604 220 45 103 371 248 38 81 
1030 604 219 44 104 371 245 39 83 
1031 604 220 44 102 371 241 39 87 
1032 604 221 44 100 371 240 38 88 
1033 602 220 45 101 371 238 39 90 
1034 600 220 47 100 371 237 38 92 
1035 598 219 50 103 371 237 38 92 
1036 596 218 51 104 371 237 38 92 
1037 590 217 57 105 371 237 38 92 
1038 587 212 59 105 371 237 38 92 
1039 586 212 58 105 371 236 37 92 
1040 587 211 56 105 371 236 37 92 
1041 587 211 55 106 371 236 38 92 
1042 588 210 53 107 371 236 38 92 
1043 371 236 38 92 587 210 54 108 
1044 371 236 38 92 587 209 53 110 
1045 371 236 38 92 587 207 52 113 
1046 371 236 38 92 588 205 50 114 
1047 371 236 38 92 588 204 48 115 
1048 371 237 39 91 588 203 46 115 
1049 371 238 39 89 590 202 43 117 
1050 371 240 39 87 589 201 43 115 
1051 370 242 39 86 589 200 42 113 
1052 591 198 39 114 370 246 40 82 
1053 587 198 39 111 370 248 40 80 
1054 586 197 39 108 370 251 39 77 
1055 369 253 39 75 585 196 39 104 
1056 369 256 39 72 582 195 40 103 
1057 370 259 38 68 579 194 41 103 
1058 368 261 41 65 577 194 42 101 
1059 369 263 40 61 574 193 45 99 
1060 367 265 42 63 571 188 46 98 
1061 367 266 42 62 567 188 49 98 
1062 368 269 40 58 562 190 52 95 
1063 369 272 39 56 560 190 54 94 
1064 369 275 38 55 558 189 54 96 
1065 369 278 38 52 557 188 54 98 
1066 369 280 38 50 557 187 54 99 
1067 371 282 36 48 558 186 51 100 
1068 371 283 36 47 559 185 51 102 
1069 370 284 37 47 559 184 49 104 
1070 365 282 41 48 560 183 47 105 
1071 365 281 42 49 561 183 45 104 
1072 371 282 36 49 562 182 44 102 
1073 370 280 36 50 561 181 43 101 
1074 370 278 37 51 557 180 46 100 
1075 370 275 37 55 557 180 45 98 
1076 370 271 37 60 557 178 44 98 
1077 369 268 38 61 556 177 44 97 
1078 369 266 39 63 554 176 43 96 
1079 369 264 39 64 553 175 44 97 
1080 370 260 36 66 551 176 44 97 
1081 370 257 37 71 550 176 45 97 
1082 370 255 37 73 549 175 44 97 
1083 370 253 38 76 549 175 43 97 
1084 370 250 39 79 547 176 44 98 
1085 369 247 40 82 543 176 45 97 
1086 370 245 40 83 542 175 45 98 
1087 370 245 40 83 540 174 45 98 
1088 541 174 43 99 370 243 39 85 
1089 371 243 39 85 541 173 42 100 
1090 371 243 39 86 541 173 42 101 
1091 371 243 39 86 540 172 42 102 
1092 371 244 39 85 540 172 42 102 
1093 372 244 38 85 540 172 42 101 
1094 374 244 38 83 539 171 42 101 
1095 375 245 37 82 539 171 42 100 
1096 377 245 36 82 539 170 42 100 
1097 377 246 37 83 539 169 42 102 
1098 378 246 36 84 539 169 44 104 
1099 378 246 34 88 538 169 45 104 
1100 378 249 34 99 537 170 47 103 
1101 379 248 34 101 537 170 48 101 
1102 379 249 33 102 536 171 49 101 
1103 380 250 33 104 536 171 51 100 
1104 380 251 33 105 536 171 52 100 
1105 381 252 34 105 536 172 52 100 
1106 382 253 33 105 536 173 54 98 
1107 383 253 32 106 536 174 53 97 
1108 385 255 31 104 536 175 52 97 
1109 386 255 30 104 537 175 52 96 
1110 387 255 31 103 537 176 50 96 
1111 388 256 29 100 537 176 49 96 
1112 389 255 29 100 538 177 47 96 
1113 390 255 29 99 539 177 45 96 
1114 391 259 26 79 538 177 44 96 
1115 392 258 24 80 538 177 44 96 
1116 393 258 23 80 538 178 43 96 
1117 394 256 22 84 538 179 43 97 
1118 394 257 22 83 539 180 42 98 
1119 394 256 21 89 540 181 42 99 
1120 394 255 22 91 541 181 41 101 
1121 394 256 27 101 540 181 41 101 
1122 394 256 27 100 540 181 41 101 
1123 394 257 28 97 540 181 41 101 
1124 395 257 28 97 539 182 42 100 
1125 396 256 27 98 540 183 41 98 
1126 396 257 28 97 540 183 41 98 
1127 396 257 28 97 540 183 41 98 
1128 396 257 28 97 540 184 42 97 
1129 396 257 28 97 539 184 42 96 
1130 396 258 29 97 539 184 42 97 
1131 396 258 29 97 540 185 41 97 
1132 396 258 29 97 540 185 40 97 
1133 396 259 29 96 539 186 41 97 
1134 396 260 29 95 539 186 41 98 
1135 395 260 30 94 539 187 42 98 
1136 395 261 30 94 539 187 42 96 
1137 395 261 29 94 539 187 42 96 
1138 395 262 28 94 538 188 43 93 
1139 395 263 23 84 538 188 44 93 
1140 395 262 29 92 537 188 46 94 
1141 395 263 23 84 536 188 47 94 
1142 395 263 22 81 536 188 51 94 
1143 394 263 23 82 535 188 53 96 
1144 393 262 23 86 535 188 56 96 
1145 393 262 24 85 535 188 58 95 
1146 391 264 26 81 537 188 57 94 
1147 391 265 26 78 538 188 57 95 
1148 390 265 27 77 539 188 58 95 
1149 389 267 29 75 539 186 59 98 
1150 385 267 36 81 540 185 59 98 
1151 384 268 37 79 540 184 58 99 
1152 382 267 38 80 542 182 56 101 
1153 382 265 38 81 544 181 55 101 
1154 380 267 40 80 548 181 50 102 
1155 379 266 40 82 549 182 47 101 
1156 379 266 39 83 553 182 44 100 
1157 379 266 39 84 554 182 45 100 
1158 379 266 38 85 557 181 42 100 
1159 378 268 38 84 561 182 43 97 
1160 378 269 38 83 560 181 47 98 
1161 377 269 38 85 558 182 52 97 
1162 377 270 38 85 557 183 55 97 
1163 377 270 37 85 557 185 59 95 
1164 378 270 37 85 556 186 63 93 
1165 377 271 37 85 557 187 63 92 
1166 377 271 37 85 556 188 64 92 
1167 377 271 37 85 556 188 66 94 
1168 378 272 37 85 555 189 67 93 
1169 377 272 37 84 555 188 65 94 
1170 377 272 37 84 557 187 63 94 
1171 377 273 37 84 557 186 63 94 
1172 377 272 38 84 558 187 62 93 
1173 377 272 38 85 561 189 61 92 
1174 377 272 38 85 568 188 53 94 
1175 377 272 38 85 573 188 51 95 
1176 376 273 38 83 576 187 50 96 
1177 376 274 39 82 577 186 52 96 
1178 376 274 38 82 580 186 51 96 
1179 375 274 38 81 587 187 47 95 
1180 376 274 37 81 589 188 46 95 
1181 376 275 36 81 591 188 50 95 
1182 377 277 32 72 591 188 51 92 
1183 376 273 35 84 591 189 53 92 
1184 375 272 35 84 590 189 54 92 
1185 375 271 34 85 590 190 56 92 
1186 375 270 33 86 589 190 58 92 
1187 374 267 32 88 590 190 58 92 
1188 374 266 31 89 590 190 59 92 
1189 375 265 30 90 590 189 60 92 
1190 375 263 29 90 591 189 58 92 
1191 375 262 28 90 592 187 58 95 
1192 375 262 27 91 593 188 57 95 
1193 377 263 24 82 594 188 56 95 
1194 375 261 28 92 595 186 57 97 
1195 376 263 25 81 596 185 57 98 
1196 376 263 25 81 597 184 57 99 
1197 376 263 25 81 600 185 55 97 
1198 374 260 29 91 600 184 58 98 
1199 374 259 29 93 600 186 61 96 
1200 374 259 29 93 598 186 67 97 
1201 374 258 29 95 598 185 69 99 
1202 373 261 25 86 597 185 74 97 
1203 373 260 26 87 596 186 75 97 
1204 373 261 26 87 595 187 76 96 
1205 373 261 26 86 597 187 72 95 
1206 373 261 26 85 597 187 68 95 
1207 374 258 29 94 597 186 67 95 
1208 374 258 29 94 597 185 65 96 
1209 374 258 30 94 598 185 63 95 
1210 374 258 29 94 598 185 62 95 
1211 374 259 29 93 598 184 62 96 
1212 375 262 22 83 597 184 61 95 
1213 375 262 22 84 597 184 60 96 
1214 375 263 22 82 598 185 57 94 
1215 374 259 29 92 598 185 57 95 
1216 374 259 29 93 598 185 55 94 
1217 373 260 30 91 599 185 53 94 
1218 373 260 29 90 600 185 52 94 
1219 374 260 28 91 600 186 50 92 
1220 374 260 28 91 600 188 48 91 
1221 374 262 27 86 600 189 47 90 
1222 374 259 28 96 601 189 44 91 
1223 374 260 29 95 600 188 44 91 
1224 374 260 31 95 601 188 43 91 
1225 373 260 31 92 600 188 42 92 
1226 373 261 32 90 600 187 40 95 
1227 372 261 33 88 598 187 41 97 
1228 372 261 34 86 597 187 41 100 
1229 371 261 36 85 596 186 41 102 
1230 370 261 37 85 592 187 42 100 
1231 588 188 46 99 370 260 37 85 
1232 581 187 52 101 370 261 38 84 
1233 371 260 39 85 578 188 54 99 
1234 572 191 58 100 371 261 39 85 
1235 371 261 39 85 570 192 57 100 
1236 569 193 58 98 372 262 39 84 
1237 373 261 38 85 567 194 59 97 
1238 373 261 37 86 566 194 60 98 
1239 374 261 36 87 564 194 59 99 
1240 374 261 37 87 564 194 58 99 
1241 374 261 36 88 565 195 53 99 
1242 374 261 36 87 566 196 49 98 
1243 374 261 36 88 566 197 46 97 
1244 374 261 35 88 566 197 46 97 
1245 373 261 36 87 567 197 42 97 
1246 373 260 36 88 567 197 41 97 
1247 567 196 40 98 373 260 35 88 
1248 566 197 41 96 372 260 35 88 
1249 565 200 39 90 372 260 35 88 
1250 562 200 40 89 372 261 36 87 
1251 556 199 43 91 372 261 36 86 
1252 546 199 50 93 372 261 36 86 
1253 541 199 55 90 372 261 35 87 
1254 537 200 58 91 372 261 35 87 
1255 534 201 58 89 372 262 36 86 
1256 532 201 59 88 371 264 37 83 
1257 531 201 59 88 372 264 37 82 
1258 372 264 36 80 529 199 59 91 
1259 373 263 35 80 528 199 58 92 
1260 373 263 35 81 528 199 58 92 
1261 374 262 33 82 527 199 57 92 
1262 375 262 33 82 529 198 54 93 
1263 377 264 29 73 530 198 52 94 
1264 378 264 28 71 531 198 49 93 
1265 380 264 26 70 530 195 44 98 
1266 377 260 33 86 531 195 42 99 
1267 377 259 32 88 531 194 39 99 
1268 378 258 31 88 527 196 39 95 
1269 378 257 30 91 526 196 39 97 
1270 379 256 28 95 524 196 39 100 
1271 380 255 28 95 521 196 41 100 
1272 384 258 22 83 516 197 43 100 
1273 380 255 27 96 508 199 49 96 
1274 381 255 28 97 502 200 54 95 
1275 384 257 22 86 500 199 56 96 
1276 381 256 28 95 494 201 58 94 
1277 381 256 29 93 495 202 56 93 
1278 380 256 29 94 494 202 55 94 
1279 381 256 29 94 492 202 55 95 
1280 381 257 30 93 492 202 54 95 
1281 380 257 30 93 493 202 53 95 
1282 380 257 31 93 494 202 50 96 
1283 380 258 31 93 494 202 48 96 
1284 379 258 31 93 494 203 46 96 
1285 379 258 31 93 495 204 43 95 
1286 379 258 31 94 496 202 40 98 
1287 379 258 31 95 494 203 37 96 
1288 379 258 30 95 491 205 36 94 
1289 383 261 23 81 489 207 36 93 
1290 383 261 23 82 485 208 38 91 
1291 384 261 23 82 482 207 39 91 
1292 384 262 22 81 479 208 41 90 
1293 384 263 22 80 470 207 47 90 
1294 384 264 22 80 464 206 50 91 
1295 383 266 22 78 461 208 53 90 
1296 382 266 23 78 461 209 52 89 
1297 382 267 24 77 461 209 50 89 
1298 381 267 25 77 460 209 49 90 
1299 380 269 26 73 460 208 49 92 
1300 376 267 34 85 458 208 51 92 
1301 375 268 35 85 458 208 50 92 
1302 375 268 35 86 459 207 48 93 
1303 375 269 35 86 459 206 46 95 
1304 374 268 35 87 459 206 43 96 
1305 373 267 36 88 460 206 39 96 
1306 372 268 37 87 459 207 36 94 
1307 372 268 38 88 459 208 35 93 
1308 459 209 33 91 371 267 39 89 
1309 458 211 33 92 371 269 39 88 
1310 370 270 38 87 457 212 33 93 
1311 370 272 39 84 456 213 34 94 
1312 454 214 34 92 370 274 39 83 
1313 450 214 37 93 369 275 40 83 
1314 369 276 40 80 449 216 38 90 
1315 449 219 38 87 369 276 39 81 
1316 369 277 39 81 448 220 38 86 
1317 448 222 37 82 370 277 38 82 
1318 448 224 37 80 370 276 38 83 
1319 446 226 38 78 370 276 38 84 
1320 445 226 37 77 370 276 38 84 
1321 444 226 35 79 371 276 38 85 
1322 442 231 36 77 371 276 37 86 
1323 440 231 37 77 371 276 37 85 
1324 439 232 38 77 371 278 38 83 
1325 436 233 39 77 371 279 39 81 
1326 435 235 39 74 371 279 39 81 
1327 371 279 38 80 433 239 41 71 
1328 432 240 41 69 371 280 38 78 
1329 435 244 38 65 372 281 36 76 
1330 434 245 39 66 372 281 36 77 
1331 434 247 39 65 371 280 37 77 
1332 434 253 34 59 371 280 36 77 
1333 434 253 33 59 371 279 37 78 
1334 433 256 33 55 372 273 27 81 
1335 433 257 33 54 373 273 25 82 
1336 432 259 33 52 373 272 24 82 
1337 373 272 24 82 
1338 373 272 24 81 
1339 422 257 45 52 372 272 24 81 
1340 422 260 44 49 372 272 23 80 
1341 422 257 45 54 371 272 24 79 
1342 421 257 46 53 371 273 23 79 
1343 422 256 45 54 371 273 23 80 
1344 422 256 45 56 371 269 22 89 
1345 421 257 46 53 371 269 22 92 
1346 421 257 46 53 370 270 23 92 
1347 421 257 46 54 370 271 23 89 
1348 369 272 22 87 
1349 369 272 23 87 
1350 368 273 23 85 
1351 368 273 23 86 
1352 368 272 23 87 
1353 367 273 24 87 
1354 368 272 24 88 
1355 368 273 24 87 
1356 368 272 24 88 
1357 369 273 24 87 
1358 369 273 24 87 
1359 419 249 48 68 369 274 24 85 
1360 421 253 47 66 369 273 24 87 
1361 421 254 47 68 369 273 25 87 
1362 422 254 45 70 370 274 24 86 
1363 421 254 46 72 371 273 24 88 
1364 421 255 46 71 371 274 24 87 
1365 372 274 24 88 421 255 47 72 
1366 371 276 24 82 421 255 47 73 
1367 371 277 25 80 422 254 46 74 
1368 370 277 26 78 422 253 45 76 
1369 370 277 28 78 422 252 45 77 
1370 369 277 30 77 422 253 45 76 
1371 367 279 33 83 421 252 46 77 
1372 365 280 34 82 421 252 46 77 
1373 367 280 33 91 421 251 46 78 
1374 367 280 34 93 421 252 46 77 
1375 367 281 35 91 420 251 47 77 
1376 366 281 37 91 420 251 47 78 
1377 366 281 39 92 420 250 47 79 
1378 365 282 40 90 420 249 48 79 
1379 365 282 42 91 420 249 48 78 
1380 365 283 41 88 420 249 48 80 
1381 365 283 41 89 415 249 53 80 
1382 367 283 43 86 415 249 52 81 
1383 367 283 42 86 415 248 51 81 
1384 367 283 43 86 416 248 50 81 
1385 367 283 42 86 415 246 50 83 
1386 367 283 42 84 421 242 46 86 
1387 367 283 42 85 421 241 46 86 
1388 368 284 41 85 421 241 47 86 
1389 368 284 40 85 421 241 47 84 
1390 368 283 40 86 422 240 46 83 
1391 368 283 40 87 422 239 45 85 
1392 369 283 38 88 422 239 45 84 
1393 369 281 38 92 423 239 45 85 
1394 370 281 37 94 423 239 45 85 
1395 371 281 36 95 423 240 45 83 
1396 371 281 35 96 422 240 45 80 
1397 371 280 34 99 422 242 46 75 
1398 372 280 33 99 423 243 45 73 
1399 372 281 33 98 424 243 45 71 
1400 372 282 34 96 424 243 45 70 
1401 372 281 35 94 424 243 45 71 
1402 372 281 34 93 425 243 44 71 
1403 372 281 34 93 425 243 43 71 
1404 372 281 34 95 426 244 43 71 
1405 372 280 33 96 426 244 42 72 
1406 372 280 33 96 426 245 41 72 
1407 373 280 32 97 427 245 40 73 
1408 373 279 32 99 428 245 39 74 
1409 373 278 32 99 428 245 39 76 
1410 373 278 32 99 428 246 39 75 
1411 373 278 31 98 428 246 39 76 
1412 373 278 31 98 429 252 36 64 
1413 374 278 30 99 429 252 36 63 
1414 374 278 30 99 428 252 37 63 
1415 374 277 30 99 428 252 38 63 
1416 374 277 30 99 428 252 38 62 
1417 374 277 29 99 428 253 38 62 
1418 374 277 29 99 429 253 38 62 
1419 374 278 29 99 428 253 39 63 
1420 374 278 29 98 428 254 39 63 
1421 374 278 29 98 428 255 39 61 
1422 374 278 29 98 429 256 38 60 
1423 375 279 28 96 429 258 37 59 
1424 374 279 28 96 430 258 37 58 
1425 374 279 29 95 430 259 36 57 
1426 374 279 29 96 430 259 37 57 
1427 374 279 29 95 430 260 37 56 
1428 374 279 29 95 430 261 37 56 
1429 374 280 29 95 430 261 36 56 
1430 374 280 29 94 430 261 36 56 
1431 374 280 29 93 430 262 36 55 
1432 374 281 29 94 430 262 35 55 
1433 374 280 29 94 430 263 35 54 
1434 374 280 29 94 430 263 35 54 
1435 374 280 29 95 430 263 35 53 
1436 374 280 29 94 430 262 35 54 
1437 374 280 29 95 430 262 35 54 
1438 374 280 30 94 430 262 35 54 
1439 374 280 29 95 430 262 36 54 
1440 374 280 29 95 430 262 35 54 
1441 374 280 29 94 430 263 35 54 
1442 374 279 29 96 430 263 35 54 
1443 374 279 29 96 430 263 35 54 
1444 374 278 30 97 430 263 35 55 
1445 374 279 29 97 430 262 36 55 
1446 430 262 36 55 374 279 30 97 
1447 375 279 29 98 430 262 35 55 
1448 376 279 28 96 430 262 36 56 
1449 430 262 36 56 376 279 29 95 
1450 429 261 37 57 376 280 31 93 
1451 429 261 37 57 377 281 32 91 
1452 429 261 37 57 378 281 35 91 
1453 429 261 37 57 377 282 37 90 
1454 429 261 37 57 377 282 39 90 
1455 429 261 37 57 377 282 42 91 
1456 429 261 37 56 377 282 44 91 
1457 429 261 36 55 376 282 46 90 
1458 429 261 36 56 375 284 49 88 
1459 429 261 36 56 375 285 53 87 
1460 374 284 54 89 429 261 36 55 
1461 429 261 36 55 376 283 53 89 
1462 379 282 51 90 429 261 36 55 
1463 383 282 48 91 428 261 35 55 
1464 403 255 55 119 386 282 48 91 429 261 34 54 
1465 430 260 33 55 391 275 58 100 
1466 431 260 31 54 395 257 62 122 
1467 398 257 61 121 
1468 400 256 59 121 
1469 403 253 58 121 
1470 405 253 56 119 
1471 405 252 56 121 
1472 405 251 54 121 
1473 406 251 54 122 
1474 406 251 54 121 
1475 406 252 55 120 
1476 406 252 56 120 
1477 405 252 58 120 
1478 405 252 57 120 
1479 408 251 53 120 
1480 411 251 50 120 
1481 414 251 45 120 
1482 419 250 40 119 
1483 421 251 38 116 
1484 422 249 37 117 
1485 425 249 37 117 
1486 426 249 36 116 
1487 426 250 39 118 
1488 425 248 29 61 427 250 39 119 
1489 430 255 41 113 424 248 31 59 
1490 433 268 41 100 424 247 32 60 
1491 433 267 43 100 423 247 33 59 
1492 433 268 46 98 423 246 34 59 
1493 435 270 49 96 423 246 34 59 
1494 434 270 53 96 423 246 34 59 
1495 433 271 56 94 423 246 34 60 
1496 433 272 56 92 423 246 35 61 
1497 432 271 58 93 423 246 35 61 
1498 433 269 60 96 423 246 34 61 
1499 435 269 60 96 423 246 34 61 
1500 446 275 53 90 423 246 35 61 
1501 451 275 50 89 423 246 35 61 
1502 456 276 47 88 423 246 36 61 
1503 464 275 41 87 423 247 37 61 
1504 466 275 42 86 423 248 37 59 
1505 467 275 43 86 426 249 36 58 
1506 471 276 43 84 426 249 36 57 
1507 475 278 41 81 426 251 36 56 
1508 480 280 37 80 426 252 37 55 
1509 480 279 38 80 426 253 37 53 
1510 426 253 36 53 479 278 41 81 
1511 426 253 35 53 477 278 47 81 
1512 425 254 37 56 475 278 52 83 
1513 425 255 37 57 475 279 55 82 
1514 423 258 36 55 474 278 57 82 
1515 426 259 35 57 475 277 60 84 
1516 426 260 36 58 476 278 62 83 
1517 426 262 36 57 478 278 62 83 
1518 426 264 36 55 483 278 60 82 
1519 428 266 35 53 493 278 50 80 
1520 427 265 36 54 496 278 50 80 
1521 427 266 37 54 497 277 51 82 
1522 427 265 38 56 507 278 41 79 
1523 425 263 43 68 508 278 43 81 
1524 425 265 42 55 510 278 43 81 
1525 426 263 45 67 514 279 41 83 
1526 425 263 45 56 514 283 43 83 
1527 425 262 47 57 515 283 44 85 
1528 426 262 49 59 515 284 49 84 
1529 427 261 49 59 513 284 55 87 
1530 428 259 50 57 512 285 59 86 
1531 428 258 52 57 512 287 60 86 
1532 429 255 58 61 513 288 62 88 
1533 428 254 62 61 514 289 63 87 
1534 427 254 65 60 515 289 62 87 
1535 425 253 69 60 516 291 63 85 
1536 425 252 71 59 518 292 60 84 
1537 424 251 73 57 521 294 57 82 
1538 424 250 74 58 533 297 48 79 
1539 425 248 75 61 536 298 45 79 
1540 424 247 76 63 542 299 41 79 
1541 425 245 73 66 545 300 40 79 
1542 550 301 39 76 424 242 74 68 
1543 425 240 71 69 553 302 38 76 
1544 426 241 52 66 554 303 38 74 
1545 428 241 59 64 556 303 39 74 
1546 425 238 60 67 558 307 38 72 
1547 558 308 40 77 424 236 59 70 
1548 557 308 43 89 423 232 58 73 
1549 562 308 41 94 423 231 56 75 
1550 561 309 44 97 422 227 56 77 
1551 561 310 46 101 422 225 55 78 
1552 562 311 46 103 423 220 53 81 
1553 560 313 50 100 424 217 52 85 
1554 559 316 52 97 425 213 51 88 
1555 560 319 54 95 426 211 49 90 
1556 564 321 54 93 427 207 47 94 
1557 565 323 55 91 428 203 45 98 
1558 567 325 56 88 428 202 44 99 
1559 568 327 57 86 428 199 43 103 
1560 428 197 44 106 569 329 58 84 
1561 428 197 44 105 570 331 58 81 
1562 567 333 64 78 426 196 45 107 
1563 565 334 66 83 425 195 45 107 
1564 566 337 63 88 424 194 45 106 
1565 562 337 67 97 425 193 44 106 
1566 561 340 68 100 425 193 43 105 
1567 561 341 67 103 425 191 43 106 
1568 562 343 67 103 426 191 41 105 
1569 564 345 65 102 426 191 40 105 
1570 565 346 63 105 426 190 38 104 
1571 426 187 37 101 566 347 62 105 
1572 426 188 36 100 565 348 61 104 
1573 426 188 35 99 566 350 60 104 
1574 427 190 35 104 564 352 62 101 
1575 427 191 33 101 562 353 65 101 
1576 427 192 32 99 560 360 66 98 
1577 428 192 31 99 561 363 64 94 
1578 428 192 30 100 563 364 61 93 
1579 427 192 29 101 561 367 63 89 
1580 427 193 28 101 561 369 62 89 
1581 427 193 28 102 559 372 64 93 
1582 428 193 25 97 558 373 64 95 
1583 431 192 25 98 559 376 60 101 
1584 431 194 27 96 558 378 61 97 
1585 429 196 29 95 558 379 60 99 
1586 429 197 31 95 558 380 61 99 
1587 558 383 61 95 429 199 32 93 
1588 557 383 60 95 429 199 32 93 
1589 556 384 60 92 429 200 32 95 
1590 555 388 60 87 429 200 32 96 
1591 558 394 56 84 429 200 32 95 
1592 557 394 55 83 429 201 32 92 
1593 557 395 53 82 432 205 29 80 
1594 557 396 52 81 432 205 29 80 
1595 555 396 49 84 429 204 33 87 
1596 553 397 51 82 429 205 34 88 
1597 429 207 36 84 550 397 54 84 
1598 548 400 53 78 430 207 38 84 
1599 547 403 51 73 430 208 39 84 
1600 546 406 50 70 430 207 41 86 
1601 543 407 51 70 431 207 41 87 
1602 543 408 49 68 431 209 41 86 
1603 541 409 49 69 431 210 41 85 
1604 541 409 47 70 431 209 41 86 
1605 538 406 47 72 431 210 42 87 
1606 534 412 47 68 432 210 42 87 
1607 533 416 47 69 432 210 42 88 
1608 531 417 47 68 432 210 42 88 
1609 526 417 48 66 433 211 42 87 
1610 522 419 48 64 434 210 41 87 
1611 521 420 47 63 435 211 42 86 
1612 520 420 47 65 436 210 43 86 
1613 519 421 46 63 436 211 44 86 
1614 513 422 48 58 437 210 44 87 
1615 513 421 47 60 438 210 44 88 
1616 518 426 36 54 438 209 45 88 
1617 518 427 36 53 439 209 45 89 
1618 517 429 35 51 439 209 45 89 
1619 515 429 34 49 439 209 47 89 
1620 513 428 35 51 441 208 47 90 
1621 510 428 35 51 444 208 45 89 
1622 509 425 30 54 446 206 44 91 
1623 508 427 30 52 448 205 42 95 
1624 505 428 31 51 452 205 41 94 
1625 502 429 33 51 454 205 40 93 
1626 498 429 33 51 455 205 38 95 
1627 496 430 33 50 455 204 38 96 
1628 492 430 33 50 456 205 38 96 
1629 488 431 35 48 456 206 38 97 
1630 486 435 34 44 456 206 39 97 
1631 478 432 43 48 457 205 41 99 
1632 478 434 43 48 457 205 41 100 
1633 477 433 36 49 458 205 42 100 
1634 474 433 36 49 458 204 42 99 
1635 473 433 34 47 458 205 44 97 
1636 471 434 34 46 459 204 46 98 
1637 469 433 35 47 459 203 46 98 
1638 465 430 35 50 460 203 47 98 
1639 464 428 34 52 461 202 47 97 
1640 462 426 33 53 462 200 45 99 
1641 460 425 33 54 463 199 45 98 
1642 457 423 34 55 463 198 46 96 
1643 450 420 35 59 464 197 45 96 
1644 448 420 35 60 463 197 46 96 
1645 447 419 33 60 464 197 46 94 
1646 445 418 33 62 465 197 45 94 
1647 443 416 32 66 466 197 45 93 
1648 437 413 33 64 470 195 43 96 
1649 436 412 34 66 473 195 42 97 
1650 434 413 33 64 474 195 42 97 
1651 431 412 33 66 479 197 41 94 
1652 427 411 35 69 479 197 41 94 
1653 423 412 36 67 480 198 42 94 
1654 423 409 34 70 482 198 40 95 
1655 422 409 31 71 482 198 41 93 
1656 419 410 31 71 482 198 42 93 
1657 417 409 29 70 482 199 40 90 
1658 409 408 35 71 482 198 43 92 
1659 409 408 33 72 481 198 45 94 
1660 405 408 33 72 481 198 47 94 
1661 401 407 34 73 481 198 48 95 
1662 389 406 43 72 481 199 48 96 
1663 389 406 41 74 481 199 47 96 
1664 386 404 40 73 481 200 46 96 
1665 387 403 39 73 481 201 46 97 
1666 383 401 40 77 482 202 46 95 
1667 379 397 42 83 480 202 50 95 
1668 375 396 41 82 480 202 53 96 
1669 373 395 42 84 480 202 55 96 
1670 370 394 43 85 479 203 58 95 
1671 368 390 42 84 479 203 61 95 
1672 364 391 43 89 480 203 62 95 
1673 362 386 44 92 481 203 64 95 
1674 360 385 44 93 481 203 65 95 
1675 358 384 43 95 483 202 66 96 
1676 357 384 43 92 484 202 67 95 
1677 356 384 43 93 486 201 65 95 
1678 353 383 45 95 488 201 64 96 
1679 349 380 47 96 491 200 60 97 
1680 349 377 45 99 493 199 57 100 
1681 347 375 46 103 496 197 54 102 
1682 346 374 46 104 498 195 52 105 
1683 502 196 52 101 347 371 43 103 
1684 347 368 40 104 503 194 48 104 
1685 347 366 41 104 504 194 48 106 
1686 347 364 41 105 505 193 45 106 
1687 346 362 42 104 506 192 45 106 
1688 346 361 42 101 508 191 42 106 
1689 345 361 42 102 509 190 41 107 
1690 343 360 44 102 510 190 42 107 
1691 342 360 43 103 510 191 42 106 
1692 342 360 43 105 511 191 42 106 
1693 341 360 44 104 511 191 41 107 
1694 341 359 44 106 512 190 41 109 
1695 342 359 41 105 512 190 41 110 
1696 343 360 40 103 512 190 41 110 
1697 344 358 38 104 513 189 41 110 
1698 344 357 37 105 515 190 40 110 
1699 344 356 35 107 517 190 38 110 
1700 345 357 34 107 520 190 35 111 
1701 345 358 32 106 522 190 35 109 
1702 346 359 32 103 524 191 35 108 
1703 346 359 31 103 526 192 34 104 
1704 346 359 33 102 526 193 35 101 
1705 346 360 33 101 526 194 35 100 
1706 345 360 33 102 525 195 37 100 
1707 346 362 34 101 524 195 40 99 
1708 346 364 35 98 523 195 43 100 
1709 346 366 37 96 521 195 46 100 
1710 345 368 41 94 520 196 48 100 
1711 346 370 42 93 519 197 51 100 
1712 346 371 44 93 519 198 52 99 
1713 346 373 46 91 520 200 53 98 
1714 345 376 49 90 520 201 55 97 
1715 346 379 51 87 520 204 57 96 
1716 346 381 54 87 521 206 57 95 
1717 346 383 55 86 520 207 59 94 
1718 346 386 56 84 520 209 59 93 
1719 348 386 53 84 520 209 60 94 
1720 348 387 55 83 518 210 63 94 
1721 349 387 54 84 517 212 64 94 
1722 350 389 53 82 517 214 64 92 
1723 518 217 63 89 356 389 47 84 
1724 519 218 62 89 361 395 46 81 
1725 363 396 44 82 523 220 63 89 
1726 371 396 38 81 525 222 61 87 
1727 376 399 38 78 530 227 55 85 
1728 379 401 37 77 531 228 53 86 
1729 382 404 33 73 532 228 53 86 
1730 386 402 33 74 534 229 52 86 
1731 383 407 40 72 536 231 50 85 
1732 384 410 43 68 537 232 50 86 
1733 385 411 45 68 538 233 48 89 
1734 385 412 46 67 539 233 46 89 
1735 386 414 46 65 540 234 45 91 
1736 387 414 48 64 541 234 45 93 
1737 387 414 49 65 541 235 45 92 
1738 407 413 31 65 542 236 43 92 
1739 409 413 33 65 542 236 43 93 
1740 541 237 44 94 
1741 417 416 28 65 541 237 44 95 
1742 419 418 27 63 542 237 43 95 
1743 421 417 28 64 541 237 43 96 
1744 423 418 28 64 542 237 43 95 
1745 426 418 27 62 542 237 42 96 
1746 427 419 28 61 542 237 42 96 
1747 430 420 28 60 542 236 42 97 
1748 432 422 27 58 542 236 42 97 
1749 433 424 27 55 542 236 42 98 
1750 436 424 27 55 542 234 42 100 
1751 437 425 28 55 543 234 41 100 
1752 543 233 41 100 
1753 543 233 41 101 
1754 543 233 41 100 
1755 543 233 41 99 
1756 543 233 41 98 
1757 543 233 40 98 
1758 543 233 41 95 
1759 542 233 41 93 
1760 540 233 42 90 
1761 538 232 44 90 
1762 448 420 36 59 537 232 45 90 
1763 448 420 38 60 534 233 48 89 
1764 447 419 40 61 533 233 48 86 
1765 447 420 41 60 532 234 49 84 
1766 446 419 42 60 531 234 50 83 
1767 446 419 42 61 531 234 50 82 
1768 445 419 43 61 531 235 50 83 
1769 445 419 43 61 531 235 49 81 
1770 445 419 43 61 531 236 48 82 
1771 445 419 43 60 529 234 46 88 
1772 444 419 44 61 530 234 44 88 
1773 444 419 44 61 530 233 42 88 
1774 445 419 44 62 531 234 41 87 
1775 445 419 44 62 531 235 40 86 
1776 445 418 44 62 530 236 39 85 
1777 445 418 43 62 531 236 38 85 
1778 446 418 43 63 531 237 37 84 
1779 445 417 43 64 531 237 38 84 
1780 445 417 43 65 530 238 37 82 
1781 445 417 43 65 530 238 36 82 
1782 446 417 43 65 529 238 35 82 
1783 445 410 44 72 528 239 35 82 
1784 445 410 44 72 528 239 34 83 
1785 445 410 44 72 527 241 35 83 
1786 445 410 44 72 525 240 36 83 
1787 445 409 44 73 522 241 36 82 
1788 445 409 45 73 520 242 38 79 
1789 445 408 44 73 515 242 41 78 
1790 445 408 44 74 511 242 45 79 
1791 445 407 44 75 507 241 47 79 
1792 446 405 43 77 504 241 49 79 
1793 447 405 41 76 503 240 49 81 
1794 447 404 42 75 498 237 50 86 
1795 447 405 43 72 499 237 48 86 
1796 448 402 41 75 500 236 47 87 
1797 448 400 41 78 502 234 44 89 
1798 448 398 41 80 502 233 43 89 
1799 448 396 41 81 503 232 41 90 
1800 448 394 41 83 503 231 41 89 
1801 451 391 40 79 503 229 40 89 
1802 447 387 44 82 500 230 41 88 
1803 447 383 43 85 500 229 41 88 
1804 448 379 39 89 501 228 39 85 
1805 448 376 38 91 500 229 38 81 
1806 450 372 36 94 499 228 36 81 
1807 450 367 36 99 499 220 33 90 
1808 497 220 33 88 450 362 36 101 
1809 449 358 36 103 493 220 34 86 
1810 448 353 37 100 489 219 37 84 
1811 447 350 35 96 488 218 38 86 
1812 446 344 36 98 484 215 41 86 
1813 446 339 35 97 481 214 41 85 
1814 445 337 35 90 478 211 44 86 
1815 443 330 37 90 476 206 42 90 
1816 442 328 38 83 475 204 42 89 
1817 442 322 38 86 472 205 44 86 
1818 443 316 36 88 472 203 42 83 
1819 442 312 36 88 470 201 41 84 
1820 440 308 38 89 468 200 42 84 
1821 440 302 39 90 470 192 39 92 
1822 439 300 39 86 469 192 39 87 
1823 438 294 40 90 469 192 37 83 
1824 469 190 37 81 438 289 38 93 
1825 467 187 38 80 438 281 38 96 
1826 436 279 39 91 466 185 38 80 
1827 435 273 38 89 471 182 28 77 
1828 431 267 45 89 468 179 29 75 
1829 429 263 47 88 467 177 28 74 
1830 426 260 49 81 465 174 27 78 
1831 420 254 53 76 461 169 29 81 
1832 417 254 56 73 460 169 28 77 
1833 414 253 62 69 458 163 27 77 
1834 409 247 62 75 455 164 27 71 
1835 411 246 67 67 452 155 31 81 
1836 411 244 66 64 449 154 33 78 
1837 